2 1 0 -1.184 -1.184 0 0.304896 -0.212181 0.304896 -0.212181 0 0 0 0 
1 1 0 -1.14542 -1.14542 10.5533 0.295206 -0.216362 0.295206 -0.216362 0.721844 0.488954 0.721844 -0.488954 
1 1 0 -1.14061 -1.14061 10.572 0.293945 -0.216913 0.293945 -0.216913 0.725015 0.489993 0.725015 -0.489993 
1 1 0 -1.13581 -1.13581 10.5913 0.292671 -0.21747 0.292671 -0.21747 0.72822 0.491008 0.72822 -0.491008 
1 1 0 -1.13101 -1.13101 10.6114 0.291386 -0.218033 0.291386 -0.218033 0.731458 0.491998 0.731458 -0.491998 
1 1 0 -1.12621 -1.12621 10.6322 0.29009 -0.218602 0.29009 -0.218602 0.73473 0.492961 0.73473 -0.492961 
1 1 0 -1.12142 -1.12142 10.6539 0.288782 -0.219179 0.288782 -0.219179 0.738037 0.493896 0.738037 -0.493896 
1 1 0 -1.11663 -1.11663 10.6763 0.287462 -0.219762 0.287462 -0.219762 0.741377 0.494804 0.741377 -0.494804 
1 1 0 -1.11185 -1.11185 10.6995 0.28613 -0.220352 0.28613 -0.220352 0.744751 0.495682 0.744751 -0.495682 
1 1 0 -1.10707 -1.10707 10.7235 0.284786 -0.220949 0.284786 -0.220949 0.748158 0.49653 0.748158 -0.49653 
1 1 0 -1.1023 -1.1023 10.7484 0.283431 -0.221553 0.283431 -0.221553 0.751599 0.497346 0.751599 -0.497346 
1 1 0 -1.09753 -1.09753 10.7742 0.282063 -0.222164 0.282063 -0.222164 0.755074 0.49813 0.755074 -0.49813 
1 1 0 -1.09276 -1.09276 10.8008 0.280683 -0.222783 0.280683 -0.222783 0.758581 0.498881 0.758581 -0.498881 
1 1 0 -1.088 -1.088 10.8283 0.279292 -0.223408 0.279292 -0.223408 0.762122 0.499597 0.762122 -0.499597 
1 1 0 -1.08324 -1.08324 10.8567 0.277887 -0.224042 0.277887 -0.224042 0.765696 0.500278 0.765696 -0.500278 
1 1 0 -1.07849 -1.07849 10.8861 0.276471 -0.224682 0.276471 -0.224682 0.769302 0.500922 0.769302 -0.500922 
1 1 0 -1.07374 -1.07374 10.9164 0.275042 -0.225331 0.275042 -0.225331 0.772941 0.501528 0.772941 -0.501528 
1 1 0 -1.069 -1.069 10.9478 0.273601 -0.225987 0.273601 -0.225987 0.776612 0.502095 0.776612 -0.502095 
1 1 0 -1.06426 -1.06426 10.9801 0.272147 -0.226651 0.272147 -0.226651 0.780315 0.502622 0.780315 -0.502622 
1 1 0 -1.05953 -1.05953 11.0134 0.270681 -0.227323 0.270681 -0.227323 0.78405 0.503107 0.78405 -0.503107 
1 1 0 -1.0548 -1.0548 11.0478 0.269203 -0.228003 0.269203 -0.228003 0.787816 0.50355 0.787816 -0.50355 
1 1 0 -1.05008 -1.05008 11.0833 0.267711 -0.228691 0.267711 -0.228691 0.791612 0.50395 0.791612 -0.50395 
1 1 0 -1.04536 -1.04536 11.1199 0.266207 -0.229387 0.266207 -0.229387 0.795439 0.504304 0.795439 -0.504304 
1 1 0 -1.04065 -1.04065 11.1576 0.26469 -0.230092 0.26469 -0.230092 0.799296 0.504613 0.799296 -0.504613 
1 1 0 -1.03594 -1.03594 11.1964 0.26316 -0.230806 0.26316 -0.230806 0.803182 0.504874 0.803182 -0.504874 
1 1 0 -1.03124 -1.03124 11.2364 0.261618 -0.231528 0.261618 -0.231528 0.807097 0.505086 0.807097 -0.505086 
1 1 0 -1.02655 -1.02655 11.2777 0.260062 -0.23226 0.260062 -0.23226 0.811041 0.505249 0.811041 -0.505249 
1 1 0 -1.02186 -1.02186 11.3202 0.258494 -0.233 0.258494 -0.233 0.815012 0.50536 0.815012 -0.50536 
1 1 0 -1.01717 -1.01717 11.3639 0.256912 -0.233749 0.256912 -0.233749 0.81901 0.505419 0.81901 -0.505419 
1 1 0 -1.0125 -1.0125 11.409 0.255318 -0.234507 0.255318 -0.234507 0.823035 0.505425 0.823035 -0.505425 
1 1 0 -1.00783 -1.00783 11.4554 0.25371 -0.235275 0.25371 -0.235275 0.827086 0.505375 0.827086 -0.505375 
1 1 0 -1.00316 -1.00316 11.5032 0.252089 -0.236053 0.252089 -0.236053 0.831162 0.505269 0.831162 -0.505269 
1 1 0 -0.9985 -0.9985 11.5524 0.250455 -0.23684 0.250455 -0.23684 0.835262 0.505105 0.835262 -0.505105 
1 1 0 -0.993847 -0.993847 11.603 0.248807 -0.237637 0.248807 -0.237637 0.839386 0.504882 0.839386 -0.504882 
1 1 0 -0.9892 -0.9892 11.6551 0.247147 -0.238444 0.247147 -0.238444 0.843532 0.504598 0.843532 -0.504598 
1 1 0 -0.98456 -0.98456 11.7087 0.245473 -0.239261 0.245473 -0.239261 0.8477 0.504253 0.8477 -0.504253 
1 1 0 -0.979927 -0.979927 11.7639 0.243785 -0.240089 0.243785 -0.240089 0.851889 0.503845 0.851889 -0.503845 
1 1 0 -0.975301 -0.975301 11.8208 0.242084 -0.240927 0.242084 -0.240927 0.856097 0.503373 0.856097 -0.503373 
1 1 0 -0.970681 -0.970681 11.8792 0.24037 -0.241776 0.24037 -0.241776 0.860325 0.502834 0.860325 -0.502834 
1 1 0 -0.966068 -0.966068 11.9394 0.238642 -0.242636 0.238642 -0.242636 0.86457 0.502229 0.86457 -0.502229 
2 1 0 -0.965872 -0.965872 11.942 0.238568 -0.242673 0.238568 -0.242673 0.864752 0.502201 0.864752 -0.502201 
2 1 0 -0.961267 -0.961267 12.004 0.236826 -0.243544 0.236826 -0.243544 0.869014 0.501524 0.869014 -0.501524 
2 1 0 -0.956669 -0.956669 12.0678 0.23507 -0.244426 0.23507 -0.244426 0.873292 0.500777 0.873292 -0.500777 
2 1 0 -0.952079 -0.952079 12.1334 0.233301 -0.24532 0.233301 -0.24532 0.877584 0.499959 0.877584 -0.499959 
2 1 0 -0.947496 -0.947496 12.201 0.231518 -0.246226 0.231518 -0.246226 0.881889 0.499067 0.881889 -0.499067 
2 1 0 -0.942921 -0.942921 12.2705 0.229722 -0.247144 0.229722 -0.247144 0.886206 0.498102 0.886206 -0.498102 
2 1 0 -0.938354 -0.938354 12.3421 0.227911 -0.248074 0.227911 -0.248074 0.890533 0.497061 0.890533 -0.497061 
2 1 0 -0.933795 -0.933795 12.4157 0.226087 -0.249016 0.226087 -0.249016 0.89487 0.495944 0.89487 -0.495944 
2 1 0 -0.929244 -0.929244 12.4915 0.224249 -0.24997 0.224249 -0.24997 0.899214 0.494748 0.899214 -0.494748 
2 1 0 -0.924701 -0.924701 12.5695 0.222398 -0.250938 0.222398 -0.250938 0.903564 0.493472 0.903564 -0.493472 
2 1 0 -0.920167 -0.920167 12.6498 0.220532 -0.251918 0.220532 -0.251918 0.907918 0.492116 0.907918 -0.492116 
2 1 0 -0.915641 -0.915641 12.7325 0.218653 -0.252912 0.218653 -0.252912 0.912276 0.490677 0.912276 -0.490677 
2 1 0 -0.911125 -0.911125 12.8176 0.216759 -0.25392 0.216759 -0.25392 0.916634 0.489155 0.916634 -0.489155 
2 1 0 -0.906617 -0.906617 12.9053 0.214852 -0.254941 0.214852 -0.254941 0.920993 0.487548 0.920993 -0.487548 
2 1 0 -0.902118 -0.902118 12.9956 0.212931 -0.255977 0.212931 -0.255977 0.92535 0.485854 0.92535 -0.485854 
2 1 0 -0.897629 -0.897629 13.0886 0.210996 -0.257026 0.210996 -0.257026 0.929703 0.484073 0.929703 -0.484073 
2 1 0 -0.893149 -0.893149 13.1844 0.209047 -0.258091 0.209047 -0.258091 0.93405 0.482203 0.93405 -0.482203 
2 1 0 -0.888679 -0.888679 13.2831 0.207084 -0.259171 0.207084 -0.259171 0.93839 0.480242 0.93839 -0.480242 
2 1 0 -0.884219 -0.884219 13.3848 0.205107 -0.260266 0.205107 -0.260266 0.94272 0.47819 0.94272 -0.47819 
2 1 0 -0.879769 -0.879769 13.4896 0.203115 -0.261377 0.203115 -0.261377 0.947039 0.476046 0.947039 -0.476046 
2 1 0 -0.87533 -0.87533 13.5977 0.20111 -0.262504 0.20111 -0.262504 0.951345 0.473806 0.951345 -0.473806 
2 1 0 -0.870901 -0.870901 13.7091 0.199091 -0.263647 0.199091 -0.263647 0.955636 0.471472 0.955636 -0.471472 
2 1 0 -0.866483 -0.866483 13.8241 0.197057 -0.264807 0.197057 -0.264807 0.959909 0.469041 0.959909 -0.469041 
2 1 0 -0.862076 -0.862076 13.9426 0.19501 -0.265985 0.19501 -0.265985 0.964163 0.466512 0.964163 -0.466512 
2 1 0 -0.85768 -0.85768 14.065 0.192948 -0.26718 0.192948 -0.26718 0.968395 0.463883 0.968395 -0.463883 
2 1 0 -0.853296 -0.853296 14.1913 0.190872 -0.268393 0.190872 -0.268393 0.972603 0.461155 0.972603 -0.461155 
2 1 0 -0.848924 -0.848924 14.3216 0.188782 -0.269624 0.188782 -0.269624 0.976785 0.458324 0.976785 -0.458324 
2 1 0 -0.844564 -0.844564 14.4563 0.186678 -0.270875 0.186678 -0.270875 0.980938 0.455391 0.980938 -0.455391 
2 1 0 -0.840217 -0.840217 14.5954 0.184559 -0.272145 0.184559 -0.272145 0.985061 0.452354 0.985061 -0.452354 
2 1 0 -0.835882 -0.835882 14.7392 0.182426 -0.273435 0.182426 -0.273435 0.98915 0.449211 0.98915 -0.449211 
2 1 0 -0.831561 -0.831561 14.8879 0.180279 -0.274746 0.180279 -0.274746 0.993203 0.445961 0.993203 -0.445961 
2 1 0 -0.827253 -0.827253 15.0417 0.178118 -0.276078 0.178118 -0.276078 0.997218 0.442604 0.997218 -0.442604 
2 1 0 -0.82296 -0.82296 15.2008 0.175943 -0.277431 0.175943 -0.277431 1.00119 0.439138 1.00119 -0.439138 
2 1 0 -0.81868 -0.81868 15.3655 0.173753 -0.278806 0.173753 -0.278806 1.00512 0.435561 1.00512 -0.435561 
2 1 0 -0.814416 -0.814416 15.5361 0.171548 -0.280205 0.171548 -0.280205 1.00901 0.431873 1.00901 -0.431873 
2 1 0 -0.810166 -0.810166 15.7129 0.16933 -0.281627 0.16933 -0.281627 1.01284 0.428072 1.01284 -0.428072 
2 1 0 -0.805933 -0.805933 15.8963 0.167097 -0.283073 0.167097 -0.283073 1.01663 0.424157 1.01663 -0.424157 
2 1 0 -0.801716 -0.801716 16.0864 0.164849 -0.284545 0.164849 -0.284545 1.02036 0.420127 1.02036 -0.420127 
2 1 0 -0.797515 -0.797515 16.2838 0.162587 -0.286042 0.162587 -0.286042 1.02403 0.41598 1.02403 -0.41598 
2 1 0 -0.793332 -0.793332 16.4889 0.160311 -0.287566 0.160311 -0.287566 1.02765 0.411715 1.02765 -0.411715 
2 1 0 -0.789167 -0.789167 16.702 0.15802 -0.289117 0.15802 -0.289117 1.0312 0.40733 1.0312 -0.40733 
2 1 0 -0.785021 -0.785021 16.9236 0.155715 -0.290697 0.155715 -0.290697 1.03469 0.402825 1.03469 -0.402825 
2 1 0 -0.780894 -0.780894 17.1544 0.153395 -0.292306 0.153395 -0.292306 1.0381 0.398197 1.0381 -0.398197 
2 1 0 -0.776788 -0.776788 17.3948 0.15106 -0.293945 0.15106 -0.293945 1.04145 0.393445 1.04145 -0.393445 
2 1 0 -0.772702 -0.772702 17.6454 0.148711 -0.295616 0.148711 -0.295616 1.04472 0.388567 1.04472 -0.388567 
2 1 0 -0.768639 -0.768639 17.907 0.146347 -0.297319 0.146347 -0.297319 1.04791 0.383562 1.04791 -0.383562 
2 1 0 -0.764598 -0.764598 18.1803 0.143969 -0.299056 0.143969 -0.299056 1.05103 0.378428 1.05103 -0.378428 
2 1 0 -0.760581 -0.760581 18.466 0.141576 -0.300829 0.141576 -0.300829 1.05406 0.373162 1.05406 -0.373162 
2 1 0 -0.756589 -0.756589 18.7652 0.139168 -0.302637 0.139168 -0.302637 1.057 0.367764 1.057 -0.367764 
2 1 0 -0.752624 -0.752624 19.0788 0.136745 -0.304483 0.136745 -0.304483 1.05985 0.362229 1.05985 -0.362229 
2 1 0 -0.748686 -0.748686 19.4079 0.134308 -0.306369 0.134308 -0.306369 1.06261 0.356556 1.06261 -0.356556 
2 1 0 -0.744777 -0.744777 19.7538 0.131856 -0.308295 0.131856 -0.308295 1.06527 0.350743 1.06527 -0.350743 
2 1 0 -0.740899 -0.740899 20.1178 0.129389 -0.310264 0.129389 -0.310264 1.06782 0.344786 1.06782 -0.344786 
2 1 0 -0.737053 -0.737053 20.5016 0.126907 -0.312277 0.126907 -0.312277 1.07028 0.338683 1.07028 -0.338683 
2 1 0 -0.733241 -0.733241 20.9068 0.124411 -0.314336 0.124411 -0.314336 1.07263 0.332429 1.07263 -0.332429 
2 1 0 -0.729465 -0.729465 21.3354 0.121899 -0.316444 0.121899 -0.316444 1.07486 0.326022 1.07486 -0.326022 
2 1 0 -0.725728 -0.725728 21.7897 0.119373 -0.318602 0.119373 -0.318602 1.07698 0.319457 1.07698 -0.319457 
2 1 0 -0.722032 -0.722032 22.2722 0.116833 -0.320812 0.116833 -0.320812 1.07898 0.31273 1.07898 -0.31273 
2 1 0 -0.718379 -0.718379 22.7859 0.114278 -0.323078 0.114278 -0.323078 1.08085 0.305835 1.08085 -0.305835 
2 1 0 -0.714772 -0.714772 23.3342 0.111709 -0.325401 0.111709 -0.325401 1.0826 0.298768 1.0826 -0.298768 
2 1 0 -0.711215 -0.711215 23.9209 0.109125 -0.327785 0.109125 -0.327785 1.08422 0.291521 1.08422 -0.291521 
2 1 0 -0.707712 -0.707712 24.5507 0.106528 -0.330232 0.106528 -0.330232 1.08569 0.284088 1.08569 -0.284088 
2 1 0 -0.704266 -0.704266 25.2289 0.103917 -0.332745 0.103917 -0.332745 1.08703 0.276462 1.08703 -0.276462 
2 1 0 -0.700881 -0.700881 25.9618 0.101294 -0.335327 0.101294 -0.335327 1.08822 0.268633 1.08822 -0.268633 
2 1 0 -0.697563 -0.697563 26.7571 0.0986573 -0.337982 0.0986573 -0.337982 1.08927 0.260593 1.08927 -0.260593 
2 1 0 -0.694317 -0.694317 27.6237 0.0960094 -0.340714 0.0960094 -0.340714 1.09015 0.252329 1.09015 -0.252329 
2 1 0 -0.691148 -0.691148 28.5728 0.0933506 -0.343525 0.0933506 -0.343525 1.09088 0.243828 1.09088 -0.243828 
2 1 0 -0.688064 -0.688064 29.6179 0.090682 -0.34642 0.090682 -0.34642 1.09144 0.235077 1.09144 -0.235077 
2 1 0 -0.685071 -0.685071 30.7757 0.088005 -0.349402 0.088005 -0.349402 1.09183 0.226059 1.09183 -0.226059 
2 1 0 -0.682177 -0.682177 32.0676 0.0853212 -0.352475 0.0853212 -0.352475 1.09205 0.216752 1.09205 -0.216752 
2 1 0 -0.679392 -0.679392 33.5206 0.0826327 -0.355643 0.0826327 -0.355643 1.09208 0.207134 1.09208 -0.207134 
2 1 0 -0.676724 -0.676724 35.1703 0.0799417 -0.358908 0.0799417 -0.358908 1.09193 0.197176 1.09193 -0.197176 
2 1 0 -0.674184 -0.674184 37.064 0.0772513 -0.362275 0.0772513 -0.362275 1.0916 0.186843 1.0916 -0.186843 
2 1 0 -0.671783 -0.671783 39.2664 0.0745649 -0.365747 0.0745649 -0.365747 1.09106 0.176091 1.09106 -0.176091 
2 1 0 -0.669533 -0.669533 41.8691 0.0718864 -0.369324 0.0718864 -0.369324 1.09033 0.164862 1.09033 -0.164862 
2 1 0 -0.667446 -0.667446 45.0069 0.0692206 -0.373008 0.0692206 -0.373008 1.0894 0.153081 1.0894 -0.153081 
2 1 0 -0.665536 -0.665536 48.8843 0.0665752 -0.376797 0.0665752 -0.376797 1.08827 0.140653 1.08827 -0.140653 
2 1 0 -0.663814 -0.663814 53.8453 0.063954 -0.380691 0.063954 -0.380691 1.08694 0.127413 1.08694 -0.127413 
2 1 0 -0.662293 -0.662293 60.5056 0.0613639 -0.384688 0.0613639 -0.384688 1.0854 0.11312 1.0854 -0.11312 
2 1 0 -0.660984 -0.660984 70.1228 0.0588119 -0.388784 0.0588119 -0.388784 1.08368 0.0973609 1.08368 -0.0973609 
2 1 0 -0.659898 -0.659898 85.8405 0.0563056 -0.392972 0.0563056 -0.392972 1.08176 0.0793221 1.08176 -0.0793221 
2 1 0 -0.659041 -0.659041 119.23 0.0538526 -0.397244 0.0538526 -0.397244 1.07966 0.0569486 1.07966 -0.0569486 
2 1 0 -0.658422 -0.658422 367.244 0.0514604 -0.401591 0.0514604 -0.401591 1.07738 0.0184348 1.07738 -0.0184348 
2 1 0 -0.658043 -0.658043 367.244 0.049136 -0.406001 0.049136 -0.406001 1.02584 0 1.12406 0 
2 1 0 -0.657905 -0.657905 367.244 0.0468857 -0.410464 0.0468857 -0.410464 1.0016 0 1.14314 0 
2 1 0 -0.657904 -0.657904 367.244 0.0467098 -0.410821 0.0467098 -0.410821 0.999984 0 1.14433 0 
2 1 0 -0.658022 -0.658022 367.244 0.0445452 -0.415327 0.0445452 -0.415327 0.982052 0 1.15681 0 
2 1 0 -0.658373 -0.658373 367.244 0.0424643 -0.41986 0.0424643 -0.41986 0.967071 0 1.16611 0 
2 1 0 -0.658948 -0.658948 367.244 0.0404696 -0.424408 0.0404696 -0.424408 0.954024 0 1.17327 0 
2 1 0 -0.659737 -0.659737 367.244 0.0385627 -0.428963 0.0385627 -0.428963 0.942387 0 1.17885 0 
2 1 0 -0.660729 -0.660729 367.244 0.0367436 -0.433513 0.0367436 -0.433513 0.931847 0 1.18318 0 
2 1 0 -0.661911 -0.661911 367.244 0.0350114 -0.438052 0.0350114 -0.438052 0.922194 0 1.18651 0 
2 1 0 -0.66327 -0.66327 367.244 0.0333645 -0.442573 0.0333645 -0.442573 0.913281 0 1.18899 0 
2 1 0 -0.664795 -0.664795 367.244 0.0317993 -0.447074 0.0317993 -0.447074 0.904991 0 1.19077 0 
2 1 0 -0.66647 -0.66647 367.244 0.030314 -0.451548 0.030314 -0.451548 0.897246 0 1.19194 0 
2 1 0 -0.668284 -0.668284 367.244 0.0289052 -0.455992 0.0289052 -0.455992 0.889976 0 1.19259 0 
2 1 0 -0.670225 -0.670225 367.244 0.0275694 -0.460405 0.0275694 -0.460405 0.883123 0 1.19278 0 
2 1 0 -0.672281 -0.672281 367.244 0.0263027 -0.464785 0.0263027 -0.464785 0.876641 0 1.19257 0 
2 1 0 -0.674442 -0.674442 367.244 0.0251016 -0.469133 0.0251016 -0.469133 0.870489 0 1.19201 0 
2 1 0 -0.676699 -0.676699 367.244 0.0239622 -0.473449 0.0239622 -0.473449 0.864632 0 1.19114 0 
2 1 0 -0.679041 -0.679041 367.244 0.0228811 -0.477733 0.0228811 -0.477733 0.85904 0 1.19 0 
2 1 0 -0.681462 -0.681462 367.244 0.0218547 -0.481987 0.0218547 -0.481987 0.853687 0 1.1886 0 
2 1 0 -0.683952 -0.683952 367.244 0.0208799 -0.486213 0.0208799 -0.486213 0.84855 0 1.18699 0 
2 1 0 -0.686507 -0.686507 367.244 0.0199536 -0.490411 0.0199536 -0.490411 0.843609 0 1.18518 0 
2 1 0 -0.689118 -0.689118 367.244 0.0190728 -0.494584 0.0190728 -0.494584 0.838846 0 1.18318 0 
2 1 0 -0.691781 -0.691781 367.244 0.0182349 -0.498732 0.0182349 -0.498732 0.834243 0 1.18102 0 
2 1 0 -0.694489 -0.694489 367.244 0.0174373 -0.50286 0.0174373 -0.50286 0.829788 0 1.1787 0 
2 1 0 -0.697238 -0.697238 367.244 0.0166775 -0.506967 0.0166775 -0.506967 0.825466 0 1.17625 0 
2 1 0 -0.700023 -0.700023 367.244 0.0159534 -0.511056 0.0159534 -0.511056 0.821267 0 1.17367 0 
2 1 0 -0.702839 -0.702839 367.244 0.0152629 -0.51513 0.0152629 -0.51513 0.817179 0 1.17097 0 
2 1 0 -0.705683 -0.705683 367.244 0.0146041 -0.519189 0.0146041 -0.519189 0.813192 0 1.16816 0 
2 1 0 -0.708551 -0.708551 367.244 0.0139751 -0.523237 0.0139751 -0.523237 0.809298 0 1.16524 0 
2 1 0 -0.711438 -0.711438 367.244 0.0133743 -0.527275 0.0133743 -0.527275 0.805488 0 1.16222 0 
2 1 0 -0.714342 -0.714342 367.244 0.0128001 -0.531304 0.0128001 -0.531304 0.801755 0 1.15911 0 
2 1 0 -0.71726 -0.71726 367.244 0.012251 -0.535328 0.012251 -0.535328 0.798092 0 1.15591 0 
2 1 0 -0.720187 -0.720187 367.244 0.0117258 -0.539347 0.0117258 -0.539347 0.794492 0 1.15263 0 
2 1 0 -0.723121 -0.723121 367.244 0.0112231 -0.543364 0.0112231 -0.543364 0.79095 0 1.14926 0 
2 1 0 -0.726059 -0.726059 367.244 0.0107417 -0.547381 0.0107417 -0.547381 0.787459 0 1.14582 0 
2 1 0 -0.728998 -0.728998 367.244 0.0102805 -0.5514 0.0102805 -0.5514 0.784014 0 1.1423 0 
2 1 0 -0.731935 -0.731935 367.244 0.00983858 -0.555423 0.00983858 -0.555423 0.78061 0 1.1387 0 
2 1 0 -0.734866 -0.734866 367.244 0.00941486 -0.559451 0.00941486 -0.559451 0.777243 0 1.13503 0 
2 1 0 -0.737789 -0.737789 367.244 0.00900844 -0.563487 0.00900844 -0.563487 0.773908 0 1.13129 0 
2 1 0 -0.740701 -0.740701 367.244 0.00861849 -0.567533 0.00861849 -0.567533 0.7706 0 1.12748 0 
2 1 0 -0.743598 -0.743598 367.244 0.0082442 -0.571591 0.0082442 -0.571591 0.767316 0 1.1236 0 
2 1 0 -0.746477 -0.746477 367.244 0.00788483 -0.575663 0.00788483 -0.575663 0.76405 0 1.11965 0 
2 1 0 -0.749335 -0.749335 367.244 0.00753966 -0.579751 0.00753966 -0.579751 0.760801 0 1.11563 0 
2 1 0 -0.752169 -0.752169 367.244 0.00720804 -0.583858 0.00720804 -0.583858 0.757562 0 1.11154 0 
2 1 0 -0.754973 -0.754973 367.244 0.00688935 -0.587985 0.00688935 -0.587985 0.754332 0 1.10738 0 
2 1 0 -0.757745 -0.757745 367.244 0.00658298 -0.592136 0.00658298 -0.592136 0.751106 0 1.10315 0 
2 1 0 -0.760479 -0.760479 367.244 0.0062884 -0.596312 0.0062884 -0.596312 0.74788 0 1.09885 0 
2 1 0 -0.763172 -0.763172 367.244 0.00600509 -0.600515 0.00600509 -0.600515 0.744651 0 1.09448 0 
2 1 0 -0.765818 -0.765818 367.244 0.00573255 -0.604749 0.00573255 -0.604749 0.741416 0 1.09003 0 
2 1 0 -0.768412 -0.768412 367.244 0.00547033 -0.609017 0.00547033 -0.609017 0.73817 0 1.0855 0 
2 1 0 -0.770947 -0.770947 367.244 0.00521799 -0.613319 0.00521799 -0.613319 0.73491 0 1.0809 0 
2 1 0 -0.773417 -0.773417 367.244 0.00497514 -0.617661 0.00497514 -0.617661 0.731633 0 1.07622 0 
2 1 0 -0.775814 -0.775814 367.244 0.00474139 -0.622043 0.00474139 -0.622043 0.728336 0 1.07146 0 
2 1 0 -0.77813 -0.77813 367.244 0.00451639 -0.62647 0.00451639 -0.62647 0.725014 0 1.06662 0 
2 1 0 -0.780356 -0.780356 367.244 0.00429983 -0.630942 0.00429983 -0.630942 0.721664 0 1.06169 0 
2 1 0 -0.782482 -0.782482 367.244 0.00409139 -0.635465 0.00409139 -0.635465 0.718283 0 1.05667 0 
2 1 0 -0.784496 -0.784496 367.244 0.00389082 -0.640038 0.00389082 -0.640038 0.714868 0 1.05157 0 
2 1 0 -0.786386 -0.786386 367.244 0.00369787 -0.644665 0.00369787 -0.644665 0.711415 0 1.04637 0 
2 1 0 -0.788137 -0.788137 367.244 0.00351232 -0.649347 0.00351232 -0.649347 0.707922 0 1.04109 0 
2 1 0 -0.789733 -0.789733 367.244 0.00333401 -0.654085 0.00333401 -0.654085 0.704387 0 1.03572 0 
2 1 0 -0.791157 -0.791157 367.244 0.00316279 -0.658879 0.00316279 -0.658879 0.700809 0 1.03025 0 
2 1 0 -0.792387 -0.792387 367.244 0.00299869 -0.663722 0.00299869 -0.663722 0.69719 0 1.02471 0 
2 1 0 -0.793405 -0.793405 367.244 0.00284153 -0.668615 0.00284153 -0.668615 0.69353 0 1.01908 0 
2 1 0 -0.794188 -0.794188 367.244 0.00269131 -0.673551 0.00269131 -0.673551 0.68983 0 1.01338 0 
2 1 0 -0.794712 -0.794712 367.244 0.00254805 -0.678521 0.00254805 -0.678521 0.686097 0 1.00762 0 
2 1 0 -0.794956 -0.794956 367.244 0.00241181 -0.683514 0.00241181 -0.683514 0.682339 0 1.00182 0 
2 1 0 -0.794971 -0.794971 367.244 0.00237154 -0.685043 0.00237154 -0.685043 0.681185 0 1.00004 0 
1 1 0 -0.794815 -0.794815 367.244 0.00224462 -0.690039 0.00224462 -0.690039 0.677409 0 0.994208 0 
1 1 0 -0.794333 -0.794333 367.244 0.00212497 -0.695015 0.00212497 -0.695015 0.673638 0 0.988388 0 
1 1 0 -0.793513 -0.793513 367.244 0.00201267 -0.699946 0.00201267 -0.699946 0.669887 0 0.982606 0 
1 1 0 -0.792347 -0.792347 367.244 0.00190775 -0.704807 0.00190775 -0.704807 0.666176 0 0.976894 0 
1 1 0 -0.790839 -0.790839 367.244 0.00181019 -0.709573 0.00181019 -0.709573 0.662523 0 0.971284 0 
1 1 0 -0.788996 -0.788996 367.244 0.00171986 -0.71422 0.00171986 -0.71422 0.658949 0 0.965806 0 
1 1 0 -0.786835 -0.786835 367.244 0.00163654 -0.718728 0.00163654 -0.718728 0.655467 0 0.960485 0 
1 1 0 -0.784376 -0.784376 367.244 0.00155991 -0.723081 0.00155991 -0.723081 0.652092 0 0.955342 0 
1 1 0 -0.781645 -0.781645 367.244 0.00148958 -0.727269 0.00148958 -0.727269 0.648833 0 0.95039 0 
1 1 0 -0.778667 -0.778667 367.244 0.0014251 -0.731285 0.0014251 -0.731285 0.645694 0 0.945638 0 
1 1 0 -0.775469 -0.775469 367.244 0.00136601 -0.735128 0.00136601 -0.735128 0.64268 0 0.941088 0 
1 1 0 -0.772076 -0.772076 367.244 0.00131183 -0.7388 0.00131183 -0.7388 0.639789 0 0.93674 0 
1 1 0 -0.768508 -0.768508 367.244 0.00126206 -0.74231 0.00126206 -0.74231 0.637015 0 0.932582 0 
1 1 0 -0.764789 -0.764789 367.244 0.00121633 -0.745659 0.00121633 -0.745659 0.63436 0 0.928615 0 
1 1 0 -0.760939 -0.760939 367.244 0.00117423 -0.748855 0.00117423 -0.748855 0.631817 0 0.924828 0 
1 1 0 -0.756973 -0.756973 367.244 0.00113539 -0.751907 0.00113539 -0.751907 0.629381 0 0.921214 0 
1 1 0 -0.752908 -0.752908 367.244 0.00109949 -0.754822 0.00109949 -0.754822 0.627047 0 0.917761 0 
1 1 0 -0.748754 -0.748754 367.244 0.00106623 -0.757609 0.00106623 -0.757609 0.624808 0 0.91446 0 
1 1 0 -0.744522 -0.744522 367.244 0.00103534 -0.760276 0.00103534 -0.760276 0.62266 0 0.911301 0 
1 1 0 -0.740223 -0.740223 367.244 0.00100659 -0.762831 0.00100659 -0.762831 0.620596 0 0.908277 0 
1 1 0 -0.735862 -0.735862 367.244 0.000979765 -0.765281 0.000979765 -0.765281 0.618611 0 0.905377 0 
1 1 0 -0.731449 -0.731449 367.244 0.000954692 -0.767633 0.000954692 -0.767633 0.616701 0 0.902595 0 
1 1 0 -0.726987 -0.726987 367.244 0.000931205 -0.769892 0.000931205 -0.769892 0.614861 0 0.899922 0 
1 1 0 -0.722483 -0.722483 367.244 0.000909159 -0.772066 0.000909159 -0.772066 0.613087 0 0.897353 0 
1 1 0 -0.717941 -0.717941 367.244 0.000888428 -0.774158 0.000888428 -0.774158 0.611376 0 0.89488 0 
1 1 0 -0.713365 -0.713365 367.244 0.000868896 -0.776174 0.000868896 -0.776174 0.609722 0 0.892498 0 
1 1 0 -0.708758 -0.708758 367.244 0.000850464 -0.778119 0.000850464 -0.778119 0.608124 0 0.890201 0 
1 1 0 -0.704123 -0.704123 367.244 0.000833041 -0.779997 0.000833041 -0.779997 0.606578 0 0.887984 0 
1 1 0 -0.699464 -0.699464 367.244 0.000816545 -0.781811 0.000816545 -0.781811 0.60508 0 0.885844 0 
1 1 0 -0.694781 -0.694781 367.244 0.000800905 -0.783565 0.000800905 -0.783565 0.60363 0 0.883775 0 
1 1 0 -0.690078 -0.690078 367.244 0.000786054 -0.785262 0.000786054 -0.785262 0.602223 0 0.881773 0 
1 1 0 -0.685355 -0.685355 367.244 0.000771935 -0.786906 0.000771935 -0.786906 0.600859 0 0.879836 0 
1 1 0 -0.680616 -0.680616 367.244 0.000758493 -0.788499 0.000758493 -0.788499 0.599534 0 0.877959 0 
1 1 0 -0.67586 -0.67586 367.244 0.000745681 -0.790044 0.000745681 -0.790044 0.598247 0 0.876139 0 
1 1 0 -0.67109 -0.67109 367.244 0.000733455 -0.791544 0.000733455 -0.791544 0.596996 0 0.874374 0 
1 1 0 -0.666306 -0.666306 367.244 0.000721776 -0.793 0.000721776 -0.793 0.595779 0 0.872662 0 
1 1 0 -0.66151 -0.66151 367.244 0.000710606 -0.794414 0.000710606 -0.794414 0.594594 0 0.870998 0 
1 1 0 -0.656703 -0.656703 367.244 0.000699914 -0.795789 0.000699914 -0.795789 0.593441 0 0.869382 0 
1 1 0 -0.651885 -0.651885 367.244 0.000689669 -0.797126 0.000689669 -0.797126 0.592318 0 0.86781 0 
1 1 0 -0.647057 -0.647057 367.244 0.000679843 -0.798428 0.000679843 -0.798428 0.591224 0 0.866282 0 
1 1 0 -0.64222 -0.64222 367.244 0.000670411 -0.799695 0.000670411 -0.799695 0.590157 0 0.864794 0 
1 1 0 -0.637375 -0.637375 367.244 0.000661349 -0.800929 0.000661349 -0.800929 0.589116 0 0.863345 0 
1 1 0 -0.632522 -0.632522 367.244 0.000652636 -0.802131 0.000652636 -0.802131 0.5881 0 0.861935 0 
1 1 0 -0.627661 -0.627661 367.244 0.000644253 -0.803304 0.000644253 -0.803304 0.587108 0 0.86056 0 
1 1 0 -0.622793 -0.622793 367.244 0.00063618 -0.804447 0.00063618 -0.804447 0.58614 0 0.859219 0 
1 1 0 -0.617919 -0.617919 367.244 0.0006284 -0.805563 0.0006284 -0.805563 0.585194 0 0.857912 0 
1 1 0 -0.613039 -0.613039 367.244 0.000620899 -0.806652 0.000620899 -0.806652 0.584269 0 0.856636 0 
1 1 0 -0.608154 -0.608154 367.244 0.00061366 -0.807715 0.00061366 -0.807715 0.583365 0 0.855391 0 
1 1 0 -0.603263 -0.603263 367.244 0.000606672 -0.808754 0.000606672 -0.808754 0.582481 0 0.854176 0 
1 1 0 -0.598367 -0.598367 367.244 0.00059992 -0.809769 0.00059992 -0.809769 0.581616 0 0.852988 0 
1 1 0 -0.593466 -0.593466 367.244 0.000593393 -0.810761 0.000593393 -0.810761 0.58077 0 0.851828 0 
1 1 0 -0.588561 -0.588561 367.244 0.00058708 -0.811731 0.00058708 -0.811731 0.579942 0 0.850694 0 
1 1 0 -0.583652 -0.583652 367.244 0.000580971 -0.812679 0.000580971 -0.812679 0.579131 0 0.849586 0 
1 1 0 -0.578739 -0.578739 367.244 0.000575056 -0.813607 0.000575056 -0.813607 0.578337 0 0.848502 0 
1 1 0 -0.573822 -0.573822 367.244 0.000569326 -0.814515 0.000569326 -0.814515 0.577559 0 0.847442 0 
1 1 0 -0.568901 -0.568901 367.244 0.000563773 -0.815404 0.000563773 -0.815404 0.576797 0 0.846404 0 
1 1 0 -0.563977 -0.563977 367.244 0.000558388 -0.816274 0.000558388 -0.816274 0.57605 0 0.845389 0 
1 1 0 -0.559051 -0.559051 367.244 0.000553165 -0.817127 0.000553165 -0.817127 0.575318 0 0.844395 0 
1 1 0 -0.554121 -0.554121 367.244 0.000548095 -0.817961 0.000548095 -0.817961 0.5746 0 0.843421 0 
1 1 0 -0.549188 -0.549188 367.244 0.000543173 -0.818779 0.000543173 -0.818779 0.573896 0 0.842468 0 
1 1 0 -0.544253 -0.544253 367.244 0.000538392 -0.819581 0.000538392 -0.819581 0.573206 0 0.841534 0 
1 1 0 -0.539315 -0.539315 367.244 0.000533747 -0.820367 0.000533747 -0.820367 0.572528 0 0.840618 0 
1 1 0 -0.534375 -0.534375 367.244 0.000529231 -0.821137 0.000529231 -0.821137 0.571863 0 0.839721 0 
1 1 0 -0.529432 -0.529432 367.244 0.00052484 -0.821893 0.00052484 -0.821893 0.571211 0 0.838842 0 
1 1 0 -0.524487 -0.524487 367.244 0.000520568 -0.822634 0.000520568 -0.822634 0.57057 0 0.83798 0 
1 1 0 -0.51954 -0.51954 367.244 0.000516411 -0.823361 0.000516411 -0.823361 0.569941 0 0.837134 0 
1 1 0 -0.514591 -0.514591 367.244 0.000512364 -0.824074 0.000512364 -0.824074 0.569323 0 0.836304 0 
1 1 0 -0.509641 -0.509641 367.244 0.000508424 -0.824774 0.000508424 -0.824774 0.568717 0 0.835491 0 
1 1 0 -0.504688 -0.504688 367.244 0.000504585 -0.825461 0.000504585 -0.825461 0.568121 0 0.834692 0 
1 1 0 -0.499734 -0.499734 367.244 0.000500845 -0.826136 0.000500845 -0.826136 0.567535 0 0.833908 0 
1 1 0 -0.494778 -0.494778 367.244 0.0004972 -0.826798 0.0004972 -0.826798 0.56696 0 0.833139 0 
1 1 0 -0.48982 -0.48982 367.244 0.000493646 -0.827449 0.000493646 -0.827449 0.566395 0 0.832384 0 
1 1 0 -0.484861 -0.484861 367.244 0.000490179 -0.828087 0.000490179 -0.828087 0.565839 0 0.831642 0 
1 1 0 -0.479901 -0.479901 367.244 0.000486798 -0.828715 0.000486798 -0.828715 0.565293 0 0.830914 0 
1 1 0 -0.474939 -0.474939 367.244 0.000483499 -0.829332 0.000483499 -0.829332 0.564756 0 0.830199 0 
1 1 0 -0.469976 -0.469976 367.244 0.000480278 -0.829938 0.000480278 -0.829938 0.564228 0 0.829496 0 
1 1 0 -0.465011 -0.465011 367.244 0.000477134 -0.830533 0.000477134 -0.830533 0.563709 0 0.828806 0 
1 1 0 -0.460046 -0.460046 367.244 0.000474064 -0.831118 0.000474064 -0.831118 0.563198 0 0.828127 0 
1 1 0 -0.455079 -0.455079 367.244 0.000471065 -0.831694 0.000471065 -0.831694 0.562695 0 0.827461 0 
1 1 0 -0.450111 -0.450111 367.244 0.000468135 -0.83226 0.000468135 -0.83226 0.562201 0 0.826805 0 
1 1 0 -0.445142 -0.445142 367.244 0.000465272 -0.832816 0.000465272 -0.832816 0.561715 0 0.826161 0 
1 1 0 -0.440172 -0.440172 367.244 0.000462473 -0.833363 0.000462473 -0.833363 0.561236 0 0.825528 0 
1 1 0 -0.435201 -0.435201 367.244 0.000459737 -0.833901 0.000459737 -0.833901 0.560765 0 0.824905 0 
1 1 0 -0.430229 -0.430229 367.244 0.000457062 -0.83443 0.000457062 -0.83443 0.560302 0 0.824293 0 
1 1 0 -0.425256 -0.425256 367.244 0.000454445 -0.834951 0.000454445 -0.834951 0.559846 0 0.82369 0 
1 1 0 -0.420283 -0.420283 367.244 0.000451884 -0.835463 0.000451884 -0.835463 0.559396 0 0.823098 0 
1 1 0 -0.415308 -0.415308 367.244 0.000449379 -0.835967 0.000449379 -0.835967 0.558954 0 0.822515 0 
1 1 0 -0.410333 -0.410333 367.244 0.000446928 -0.836463 0.000446928 -0.836463 0.558519 0 0.821942 0 
1 1 0 -0.405357 -0.405357 367.244 0.000444528 -0.836951 0.000444528 -0.836951 0.55809 0 0.821378 0 
1 1 0 -0.40038 -0.40038 367.244 0.000442179 -0.837431 0.000442179 -0.837431 0.557668 0 0.820823 0 
1 1 0 -0.395402 -0.395402 367.244 0.000439878 -0.837904 0.000439878 -0.837904 0.557252 0 0.820277 0 
1 1 0 -0.390424 -0.390424 367.244 0.000437625 -0.83837 0.000437625 -0.83837 0.556843 0 0.819739 0 
1 1 0 -0.385445 -0.385445 367.244 0.000435418 -0.838828 0.000435418 -0.838828 0.556439 0 0.81921 0 
1 1 0 -0.380465 -0.380465 367.244 0.000433256 -0.83928 0.000433256 -0.83928 0.556042 0 0.818689 0 
1 1 0 -0.375485 -0.375485 367.244 0.000431137 -0.839724 0.000431137 -0.839724 0.55565 0 0.818176 0 
1 1 0 -0.370504 -0.370504 367.244 0.000429061 -0.840162 0.000429061 -0.840162 0.555265 0 0.817671 0 
1 1 0 -0.365523 -0.365523 367.244 0.000427025 -0.840593 0.000427025 -0.840593 0.554885 0 0.817174 0 
1 1 0 -0.360541 -0.360541 367.244 0.00042503 -0.841018 0.00042503 -0.841018 0.55451 0 0.816684 0 
1 1 0 -0.355559 -0.355559 367.244 0.000423074 -0.841436 0.000423074 -0.841436 0.554141 0 0.816202 0 
1 1 0 -0.350576 -0.350576 367.244 0.000421155 -0.841848 0.000421155 -0.841848 0.553777 0 0.815727 0 
1 1 0 -0.345592 -0.345592 367.244 0.000419273 -0.842254 0.000419273 -0.842254 0.553418 0 0.815259 0 
1 1 0 -0.340608 -0.340608 367.244 0.000417428 -0.842654 0.000417428 -0.842654 0.553065 0 0.814798 0 
1 1 0 -0.335624 -0.335624 367.244 0.000415617 -0.843048 0.000415617 -0.843048 0.552716 0 0.814344 0 
1 1 0 -0.330639 -0.330639 367.244 0.00041384 -0.843437 0.00041384 -0.843437 0.552373 0 0.813896 0 
1 1 0 -0.325653 -0.325653 367.244 0.000412096 -0.843819 0.000412096 -0.843819 0.552034 0 0.813456 0 
1 1 0 -0.320668 -0.320668 367.244 0.000410385 -0.844197 0.000410385 -0.844197 0.5517 0 0.813021 0 
1 1 0 -0.315681 -0.315681 367.244 0.000408705 -0.844569 0.000408705 -0.844569 0.551371 0 0.812593 0 
1 1 0 -0.310695 -0.310695 367.244 0.000407056 -0.844935 0.000407056 -0.844935 0.551046 0 0.812172 0 
1 1 0 -0.305708 -0.305708 367.244 0.000405437 -0.845297 0.000405437 -0.845297 0.550726 0 0.811756 0 
1 1 0 -0.300721 -0.300721 367.244 0.000403847 -0.845653 0.000403847 -0.845653 0.55041 0 0.811346 0 
1 1 0 -0.295733 -0.295733 367.244 0.000402285 -0.846004 0.000402285 -0.846004 0.550099 0 0.810942 0 
1 1 0 -0.290745 -0.290745 367.244 0.000400752 -0.84635 0.000400752 -0.84635 0.549791 0 0.810544 0 
1 1 0 -0.285757 -0.285757 367.244 0.000399245 -0.846692 0.000399245 -0.846692 0.549488 0 0.810151 0 
1 1 0 -0.280768 -0.280768 367.244 0.000397766 -0.847028 0.000397766 -0.847028 0.54919 0 0.809764 0 
1 1 0 -0.275779 -0.275779 367.244 0.000396311 -0.84736 0.000396311 -0.84736 0.548895 0 0.809383 0 
1 1 0 -0.27079 -0.27079 367.244 0.000394883 -0.847688 0.000394883 -0.847688 0.548604 0 0.809007 0 
1 1 0 -0.2658 -0.2658 367.244 0.000393479 -0.848011 0.000393479 -0.848011 0.548317 0 0.808636 0 
1 1 0 -0.26081 -0.26081 367.244 0.000392099 -0.848329 0.000392099 -0.848329 0.548034 0 0.80827 0 
1 1 0 -0.25582 -0.25582 367.244 0.000390742 -0.848644 0.000390742 -0.848644 0.547754 0 0.807909 0 
1 1 0 -0.25083 -0.25083 367.244 0.000389409 -0.848953 0.000389409 -0.848953 0.547478 0 0.807553 0 
1 1 0 -0.245839 -0.245839 367.244 0.000388098 -0.849259 0.000388098 -0.849259 0.547206 0 0.807202 0 
1 1 0 -0.240848 -0.240848 367.244 0.000386809 -0.849561 0.000386809 -0.849561 0.546938 0 0.806856 0 
1 1 0 -0.235857 -0.235857 367.244 0.000385541 -0.849858 0.000385541 -0.849858 0.546673 0 0.806515 0 
1 1 0 -0.230866 -0.230866 367.244 0.000384295 -0.850152 0.000384295 -0.850152 0.546411 0 0.806178 0 
1 1 0 -0.225874 -0.225874 367.244 0.000383069 -0.850442 0.000383069 -0.850442 0.546153 0 0.805846 0 
1 1 0 -0.220882 -0.220882 367.244 0.000381863 -0.850727 0.000381863 -0.850727 0.545899 0 0.805518 0 
1 1 0 -0.21589 -0.21589 367.244 0.000380677 -0.851009 0.000380677 -0.851009 0.545647 0 0.805194 0 
1 1 0 -0.210898 -0.210898 367.244 0.000379511 -0.851288 0.000379511 -0.851288 0.545399 0 0.804875 0 
1 1 0 -0.205906 -0.205906 367.244 0.000378363 -0.851562 0.000378363 -0.851562 0.545154 0 0.80456 0 
1 1 0 -0.200913 -0.200913 367.244 0.000377233 -0.851833 0.000377233 -0.851833 0.544912 0 0.80425 0 
1 1 0 -0.19592 -0.19592 367.244 0.000376122 -0.852101 0.000376122 -0.852101 0.544673 0 0.803943 0 
1 1 0 -0.190927 -0.190927 367.244 0.000375028 -0.852365 0.000375028 -0.852365 0.544437 0 0.803641 0 
1 1 0 -0.185934 -0.185934 367.244 0.000373952 -0.852625 0.000373952 -0.852625 0.544205 0 0.803342 0 
1 1 0 -0.180941 -0.180941 367.244 0.000372892 -0.852883 0.000372892 -0.852883 0.543975 0 0.803047 0 
1 1 0 -0.175947 -0.175947 367.244 0.000371849 -0.853137 0.000371849 -0.853137 0.543748 0 0.802756 0 
1 1 0 -0.170953 -0.170953 367.244 0.000370823 -0.853387 0.000370823 -0.853387 0.543524 0 0.802469 0 
1 1 0 -0.165959 -0.165959 367.244 0.000369812 -0.853635 0.000369812 -0.853635 0.543303 0 0.802186 0 
1 1 0 -0.160965 -0.160965 367.244 0.000368817 -0.853879 0.000368817 -0.853879 0.543084 0 0.801907 0 
1 1 0 -0.155971 -0.155971 367.244 0.000367837 -0.85412 0.000367837 -0.85412 0.542869 0 0.80163 0 
1 1 0 -0.150977 -0.150977 367.244 0.000366873 -0.854358 0.000366873 -0.854358 0.542656 0 0.801358 0 
1 1 0 -0.145982 -0.145982 367.244 0.000365923 -0.854593 0.000365923 -0.854593 0.542445 0 0.801089 0 
1 1 0 -0.140988 -0.140988 367.244 0.000364987 -0.854825 0.000364987 -0.854825 0.542238 0 0.800823 0 
1 1 0 -0.135993 -0.135993 367.244 0.000364066 -0.855054 0.000364066 -0.855054 0.542032 0 0.800561 0 
1 1 0 -0.130998 -0.130998 367.244 0.000363158 -0.855281 0.000363158 -0.855281 0.54183 0 0.800302 0 
1 1 0 -0.126003 -0.126003 367.244 0.000362264 -0.855504 0.000362264 -0.855504 0.54163 0 0.800047 0 
1 1 0 -0.121008 -0.121008 367.244 0.000361383 -0.855725 0.000361383 -0.855725 0.541432 0 0.799794 0 
1 1 0 -0.116013 -0.116013 367.244 0.000360516 -0.855943 0.000360516 -0.855943 0.541237 0 0.799545 0 
1 1 0 -0.111017 -0.111017 367.244 0.000359661 -0.856158 0.000359661 -0.856158 0.541044 0 0.799299 0 
1 1 0 -0.106022 -0.106022 367.244 0.000358819 -0.85637 0.000358819 -0.85637 0.540853 0 0.799056 0 
1 1 0 -0.101026 -0.101026 367.244 0.000357989 -0.85658 0.000357989 -0.85658 0.540665 0 0.798816 0 
1 1 0 -0.0960307 -0.0960307 367.244 0.000357171 -0.856788 0.000357171 -0.856788 0.540479 0 0.798579 0 
1 1 0 -0.0910349 -0.0910349 367.244 0.000356365 -0.856992 0.000356365 -0.856992 0.540295 0 0.798345 0 
1 1 0 -0.0860389 -0.0860389 367.244 0.000355571 -0.857195 0.000355571 -0.857195 0.540114 0 0.798114 0 
1 1 0 -0.0810429 -0.0810429 367.244 0.000354789 -0.857394 0.000354789 -0.857394 0.539934 0 0.797886 0 
1 1 0 -0.0760468 -0.0760468 367.244 0.000354017 -0.857592 0.000354017 -0.857592 0.539757 0 0.79766 0 
1 1 0 -0.0710506 -0.0710506 367.244 0.000353257 -0.857787 0.000353257 -0.857787 0.539582 0 0.797438 0 
1 1 0 -0.0660543 -0.0660543 367.244 0.000352507 -0.857979 0.000352507 -0.857979 0.539409 0 0.797218 0 
1 1 0 -0.061058 -0.061058 367.244 0.000351768 -0.85817 0.000351768 -0.85817 0.539238 0 0.797001 0 
1 1 0 -0.0560615 -0.0560615 367.244 0.00035104 -0.858357 0.00035104 -0.858357 0.53907 0 0.796786 0 
1 1 0 -0.0510649 -0.0510649 367.244 0.000350322 -0.858543 0.000350322 -0.858543 0.538903 0 0.796574 0 
1 1 0 -0.0460683 -0.0460683 367.244 0.000349614 -0.858727 0.000349614 -0.858727 0.538738 0 0.796365 0 
1 1 0 -0.0410716 -0.0410716 367.244 0.000348916 -0.858908 0.000348916 -0.858908 0.538575 0 0.796158 0 
1 1 0 -0.0360748 -0.0360748 367.244 0.000348227 -0.859087 0.000348227 -0.859087 0.538414 0 0.795954 0 
1 1 0 -0.0310779 -0.0310779 367.244 0.000347549 -0.859264 0.000347549 -0.859264 0.538255 0 0.795752 0 
1 1 0 -0.026081 -0.026081 367.244 0.000346879 -0.859438 0.000346879 -0.859438 0.538098 0 0.795552 0 
1 1 0 -0.021084 -0.021084 367.244 0.000346219 -0.859611 0.000346219 -0.859611 0.537942 0 0.795355 0 
1 1 0 -0.0160869 -0.0160869 367.244 0.000345568 -0.859782 0.000345568 -0.859782 0.537789 0 0.795161 0 
1 1 0 -0.0110897 -0.0110897 367.244 0.000344926 -0.85995 0.000344926 -0.85995 0.537637 0 0.794968 0 
1 1 0 -0.00609248 -0.00609248 367.244 0.000344293 -0.860117 0.000344293 -0.860117 0.537487 0 0.794778 0 
1 1 0 -0.00109519 -0.00109519 367.244 0.000343668 -0.860282 0.000343668 -0.860282 0.537339 0 0.794591 0 
1 1 0 0.00390216 0.00390216 367.244 0.000343052 -0.860444 0.000343052 -0.860444 0.537192 0 0.794405 0 
4 -2 0 -0.965872 -0.965872 11.942 0.238568 -0.242673 0.238568 -0.242673 0.537192 0 0.794405 0 
4 -2 0 -0.966166 -0.966166 11.9828 0.253082 -0.219072 0.222988 -0.267024 1 0 1.00502 0 
4 -2 0 -0.966328 -0.966328 12.0056 0.256524 -0.213315 0.21895 -0.273202 1 0 1.00785 0 
4 -2 0 -0.966521 -0.966521 12.0333 0.259877 -0.207638 0.214875 -0.279389 1 0 1.01116 0 
4 -2 0 -0.966744 -0.966744 12.0659 0.26315 -0.202028 0.210756 -0.285599 1 0 1.01495 0 
4 -2 0 -0.966995 -0.966995 12.1033 0.266341 -0.196487 0.206597 -0.291827 1 0 1.01916 0 
4 -2 0 -0.967271 -0.967271 12.1454 0.269449 -0.191018 0.202403 -0.298069 1 0 1.02373 0 
4 -2 0 -0.967569 -0.967569 12.1922 0.272473 -0.185623 0.198177 -0.304321 1 0 1.02859 0 
4 -2 0 -0.967886 -0.967886 12.2436 0.275414 -0.180303 0.193924 -0.310581 1 0 1.03366 0 
4 -2 0 -0.96822 -0.96822 12.2993 0.27827 -0.17506 0.189648 -0.316845 1 0 1.03886 0 
4 -2 0 -0.968566 -0.968566 12.3595 0.281044 -0.169895 0.185353 -0.32311 1 0 1.04408 0 
4 -2 0 -0.968922 -0.968922 12.424 0.283734 -0.164808 0.181043 -0.329372 1 0 1.04924 0 
4 -2 0 -0.969285 -0.969285 12.4926 0.286341 -0.159802 0.176723 -0.33563 1 0 1.05423 0 
4 -2 0 -0.969651 -0.969651 12.5653 0.288867 -0.154876 0.172396 -0.341881 1 0 1.05894 0 
4 -2 0 -0.970017 -0.970017 12.642 0.291312 -0.150032 0.168066 -0.348123 1 0 1.06327 0 
4 -2 0 -0.97038 -0.97038 12.7226 0.293677 -0.145269 0.163738 -0.354353 1 0 1.0671 0 
4 -2 0 -0.970737 -0.970737 12.8071 0.295964 -0.140589 0.159414 -0.36057 1 0 1.07032 0 
4 -2 0 -0.971084 -0.971084 12.8952 0.298173 -0.135992 0.1551 -0.366772 1 0 1.07281 0 
4 -2 0 -0.97142 -0.97142 12.9871 0.300306 -0.131478 0.150799 -0.372958 1 0 1.07447 0 
4 -2 0 -0.97174 -0.97174 13.0825 0.302365 -0.127048 0.146514 -0.379125 1 0 1.07518 0 
4 -2 0 -0.972043 -0.972043 13.1814 0.30435 -0.122702 0.14225 -0.385272 1 0 1.07483 0 
4 -2 0 -0.972325 -0.972325 13.2838 0.306263 -0.118441 0.13801 -0.391399 1 0 1.07332 0 
4 -2 0 -0.972585 -0.972585 13.3895 0.308105 -0.114266 0.133798 -0.397504 1 0 1.07055 0 
4 -2 0 -0.972821 -0.972821 13.4986 0.309879 -0.110176 0.129618 -0.403585 1 0 1.06644 0 
4 -2 0 -0.973029 -0.973029 13.6109 0.311585 -0.106174 0.125473 -0.409641 1 0 1.06091 0 
4 -2 0 -0.973208 -0.973208 13.7264 0.313224 -0.102258 0.121367 -0.415673 1 0 1.05387 0 
4 -2 0 -0.973355 -0.973355 13.8451 0.314798 -0.0984315 0.117303 -0.421677 1 0 1.04529 0 
4 -2 0 -0.97347 -0.97347 13.9669 0.316309 -0.0946936 0.113285 -0.427654 1 0 1.0351 0 
4 -2 0 -0.97355 -0.97355 14.0918 0.317758 -0.0910455 0.109317 -0.433602 1 0 1.02328 0 
4 -2 0 -0.973594 -0.973594 14.2198 0.319145 -0.0874882 0.105401 -0.439519 1 0 1.00981 0 
4 -2 0 -0.973603 -0.973603 14.3055 0.320024 -0.0852016 0.10286 -0.443389 1 0 1.00056 0 
3 -2 0 -0.973583 -0.973583 14.4384 0.321313 -0.0817973 0.0990403 -0.449254 1 0 0.982483 0 
3 -2 0 -0.973524 -0.973524 14.5743 0.322544 -0.0784853 0.0952814 -0.455087 1 0 0.966036 0 
3 -2 0 -0.973423 -0.973423 14.7132 0.323719 -0.0752674 0.0915871 -0.460885 1 0 0.946626 0 
3 -2 0 -0.97328 -0.97328 14.8551 0.324839 -0.0721444 0.0879606 -0.466649 1 0 0.925687 0 
3 -2 0 -0.973093 -0.973093 14.9999 0.325904 -0.0691172 0.0844047 -0.472375 1 0 0.90329 0 
3 -2 0 -0.972862 -0.972862 15.1476 0.326916 -0.0661867 0.0809221 -0.478064 1 0 0.87952 0 
3 -2 0 -0.972585 -0.972585 15.2983 0.327876 -0.0633536 0.0775154 -0.483713 1 0 0.854475 0 
3 -2 0 -0.972263 -0.972263 15.4519 0.328785 -0.0606187 0.0741871 -0.489322 1 0 0.828266 0 
3 -2 0 -0.971893 -0.971893 15.6085 0.329644 -0.0579827 0.0709395 -0.494888 1 0 0.801015 0 
3 -2 0 -0.971476 -0.971476 15.768 0.330453 -0.055446 0.0677746 -0.50041 1 0 0.772853 0 
3 -2 0 -0.97101 -0.97101 15.9305 0.331215 -0.0530092 0.0646944 -0.505887 0.999999 0 0.743919 0 
3 -2 0 -0.970496 -0.970496 16.096 0.33193 -0.0506726 0.0617005 -0.511317 1 0 0.714357 0 
3 -2 0 -0.969933 -0.969933 16.2646 0.332598 -0.0484364 0.0587945 -0.516698 0.999999 0 0.684316 0 
3 -2 0 -0.96932 -0.96932 16.4361 0.333221 -0.0463007 0.0559776 -0.522029 0.999999 0 0.653946 0 
3 -2 0 -0.968657 -0.968657 16.6108 0.3338 -0.0442655 0.0532508 -0.527307 0.999999 0 0.623395 0 
3 -2 0 -0.967944 -0.967944 16.7886 0.334335 -0.0423304 0.050615 -0.532532 0.999999 0 0.592812 0 
3 -2 0 -0.967181 -0.967181 16.9695 0.334828 -0.0404953 0.0480706 -0.537701 0.999999 0 0.562341 0 
3 -2 0 -0.966368 -0.966368 17.1536 0.33528 -0.0387594 0.0456181 -0.542813 0.999999 0 0.532119 0 
3 -2 0 -0.965504 -0.965504 17.341 0.33569 -0.0371221 0.0432574 -0.547866 0.999999 0 0.502278 0 
3 -2 0 -0.964591 -0.964591 17.5317 0.336061 -0.0355825 0.0409884 -0.552858 0.999999 0 0.472939 0 
3 -2 0 -0.963627 -0.963627 17.7258 0.336393 -0.0341396 0.0388107 -0.557788 0.999999 0 0.444215 0 
3 -2 0 -0.962613 -0.962613 17.9233 0.336687 -0.032792 0.0367235 -0.562653 0.999998 0 0.416208 0 
3 -2 0 -0.96155 -0.96155 18.1244 0.336944 -0.0315384 0.034726 -0.567453 0.999998 0 0.389009 0 
3 -2 0 -0.960438 -0.960438 18.329 0.337165 -0.0303772 0.0328171 -0.572185 0.999998 0 0.362698 0 
3 -2 0 -0.959277 -0.959277 18.5373 0.337351 -0.0293067 0.0309953 -0.576849 0.999998 0 0.337341 0 
3 -2 0 -0.958068 -0.958068 18.7493 0.337502 -0.028325 0.0292592 -0.581442 0.999998 0 0.312995 0 
3 -2 0 -0.956811 -0.956811 18.9652 0.337621 -0.0274299 0.027607 -0.585965 0.999998 0 0.289703 0 
3 -2 0 -0.955507 -0.955507 19.1851 0.337706 -0.0266195 0.0260368 -0.590414 0.999998 0 0.267498 0 
3 -2 0 -0.954157 -0.954157 19.409 0.337761 -0.0258913 0.0245465 -0.59479 0.999998 0 0.246401 0 
3 -2 0 -0.952762 -0.952762 19.6371 0.337784 -0.0252431 0.0231339 -0.599092 0.999998 0 0.226424 0 
3 -2 0 -0.951322 -0.951322 19.8696 0.337779 -0.0246723 0.0217966 -0.603318 0.999998 0 0.20757 0 
3 -2 0 -0.949838 -0.949838 20.1064 0.337744 -0.0241763 0.0205322 -0.607467 0.999998 0 0.189831 0 
3 -2 0 -0.948312 -0.948312 20.3479 0.337682 -0.0237526 0.0193381 -0.61154 0.999998 0 0.173195 0 
3 -2 0 -0.946744 -0.946744 20.594 0.337593 -0.0233984 0.0182117 -0.615535 0.999998 0 0.157639 0 
3 -2 0 -0.945135 -0.945135 20.8451 0.337478 -0.0231111 0.0171503 -0.619453 0.999997 0 0.143138 0 
3 -2 0 -0.943487 -0.943487 21.1012 0.337338 -0.0228879 0.0161513 -0.623293 0.999997 0 0.129659 0 
3 -2 0 -0.941801 -0.941801 21.3625 0.337174 -0.0227261 0.0152119 -0.627054 0.999997 0 0.117165 0 
3 -2 0 -0.940077 -0.940077 21.6292 0.336987 -0.022623 0.0143294 -0.630738 0.999997 0 0.105619 0 
3 -2 0 -0.938318 -0.938318 21.9015 0.336777 -0.0225759 0.0135011 -0.634344 0.999997 0 0.0949771 0 
3 -2 0 -0.936525 -0.936525 22.1796 0.336546 -0.022582 0.0127243 -0.637871 0.999997 0 0.085196 0 
3 -2 0 -0.934698 -0.934698 22.4638 0.336294 -0.0226388 0.0119963 -0.641322 0.999997 0 0.0762305 0 
3 -2 0 -0.932839 -0.932839 22.7542 0.336023 -0.0227437 0.0113146 -0.644695 0.999997 0 0.0680349 0 
3 -2 0 -0.930951 -0.930951 23.0511 0.335733 -0.0228941 0.0106766 -0.647992 0.999997 0 0.0605631 0 
3 -2 0 -0.929033 -0.929033 23.3548 0.335424 -0.0230876 0.0100798 -0.651213 0.999997 0 0.0537695 0 
3 -2 0 -0.927087 -0.927087 23.6655 0.335098 -0.0233218 0.00952197 -0.654359 0.999996 0 0.0476092 0 
3 -2 0 -0.925116 -0.925116 23.9834 0.334755 -0.0235943 0.00900067 -0.657431 0.999996 0 0.0420384 0 
3 -2 0 -0.923119 -0.923119 24.309 0.334396 -0.0239031 0.00851372 -0.660429 0.999996 0 0.0370142 0 
3 -2 0 -0.9211 -0.9211 24.6425 0.334022 -0.0242458 0.008059 -0.663354 0.999997 0 0.0324956 0 
3 -2 0 -0.919059 -0.919059 24.9841 0.333634 -0.0246206 0.00763447 -0.666208 0.999997 0 0.0284431 0 
3 -2 0 -0.916997 -0.916997 25.3344 0.333231 -0.0250253 0.00723821 -0.668992 0.999996 0 0.0248189 0 
3 -2 0 -0.914917 -0.914917 25.6936 0.332816 -0.0254582 0.00686838 -0.671705 0.999997 0 0.0215872 0 
3 -2 0 -0.91282 -0.91282 26.0622 0.332387 -0.0259174 0.00652323 -0.674351 0.999996 0 0.0187142 0 
3 -2 0 -0.910706 -0.910706 26.4404 0.331947 -0.0264013 0.00620112 -0.676928 0.999996 0 0.0161678 0 
3 -2 0 -0.908579 -0.908579 26.8288 0.331495 -0.0269081 0.00590049 -0.67944 0.999996 0 0.0139181 0 
3 -2 0 -0.906438 -0.906438 27.2278 0.331032 -0.0274365 0.00561987 -0.681887 0.999996 0 0.0119369 0 
3 -2 0 -0.904287 -0.904287 27.6378 0.330559 -0.0279849 0.00535789 -0.68427 0.999996 0 0.0101983 0 
3 -2 0 -0.902125 -0.902125 28.0593 0.330076 -0.028552 0.00511327 -0.68659 0.999996 0 0.00867775 0 
3 -2 0 -0.899955 -0.899955 28.4929 0.329584 -0.0291365 0.00488479 -0.688848 0.999996 0 0.00735291 0 
3 -2 0 -0.897778 -0.897778 28.9391 0.329083 -0.0297371 0.00467132 -0.691047 0.999996 0 0.00620298 0 
3 -2 0 -0.895596 -0.895596 29.3985 0.328573 -0.0303527 0.00447181 -0.693186 0.999996 0 0.00520885 0 
3 -2 0 -0.89341 -0.89341 29.8717 0.328056 -0.0309823 0.00428529 -0.695268 0.999996 0 0.00435303 0 
3 -2 0 -0.891221 -0.891221 30.3593 0.327531 -0.0316247 0.00411082 -0.697292 0.999996 0 0.0036195 0 
3 -2 0 -0.889031 -0.889031 30.8619 0.326999 -0.032279 0.00394757 -0.699261 0.999996 0 0.00299371 0 
3 -2 0 -0.886842 -0.886842 31.3804 0.326461 -0.0329443 0.00379473 -0.701176 0.999995 0 0.0024624 0 
3 -2 0 -0.884654 -0.884654 31.9154 0.325917 -0.0336197 0.00365159 -0.703038 0.999995 0 0.00201361 0 
3 -2 0 -0.882469 -0.882469 32.4677 0.325367 -0.0343043 0.00351744 -0.704847 0.999995 0 0.00163657 0 
3 -2 0 -0.880289 -0.880289 33.0382 0.324812 -0.0349973 0.00339168 -0.706605 0.999995 0 0.0013216 0 
3 -2 0 -0.878115 -0.878115 33.6278 0.324252 -0.0356981 0.0032737 -0.708313 0.999994 0 0.00106005 0 
3 -2 0 -0.875948 -0.875948 34.2373 0.323688 -0.0364059 0.00316296 -0.709973 0.999994 0 0.000844228 0 
3 -2 0 -0.87379 -0.87379 34.8678 0.32312 -0.0371198 0.00305898 -0.711585 0.999994 0 0.000667329 0 
3 -2 0 -0.871643 -0.871643 35.5203 0.322548 -0.0378394 0.00296127 -0.713149 0.999994 0 0.00052335 0 
3 -2 0 -0.869506 -0.869506 36.1959 0.321973 -0.0385639 0.00286941 -0.714668 0.999993 0 0.00040704 0 
3 -2 0 -0.867383 -0.867383 36.8957 0.321395 -0.0392925 0.00278301 -0.716142 0.999993 0 0.000313814 0 
3 -2 0 -0.865273 -0.865273 37.6211 0.320815 -0.0400248 0.00270169 -0.717573 0.999992 0 0.000239715 0 
3 -2 0 -0.863179 -0.863179 38.3733 0.320233 -0.0407601 0.00262511 -0.71896 0.999992 0 0.000181336 0 
3 -2 0 -0.861102 -0.861102 39.1537 0.31965 -0.0414977 0.00255297 -0.720305 0.999992 0 0.000135771 0 
3 -2 0 -0.859043 -0.859043 39.9638 0.319066 -0.0422371 0.00248496 -0.72161 0.999991 0 0.000100557 0 
3 -2 0 -0.857004 -0.857004 40.8051 0.318481 -0.0429775 0.00242083 -0.722874 0.99999 0 7.36272e-05 0 
3 -2 0 -0.854985 -0.854985 41.6794 0.317896 -0.0437185 0.00236031 -0.724098 0.99999 0 5.32601e-05 0 
3 -2 0 -0.852988 -0.852988 42.5884 0.317311 -0.0444593 0.00230318 -0.725284 0.999989 0 3.80368e-05 0 
3 -2 0 -0.851015 -0.851015 43.5339 0.316727 -0.0451994 0.00224923 -0.726432 0.999988 0 2.67996e-05 0 
3 -2 0 -0.849065 -0.849065 44.5179 0.316144 -0.045938 0.00219825 -0.727544 0.999988 0 1.86137e-05 0 
3 -2 0 -0.847141 -0.847141 45.5427 0.315563 -0.0466746 0.00215007 -0.728619 0.999987 0 1.27337e-05 0 
3 -2 0 -0.845244 -0.845244 46.6104 0.314985 -0.0474085 0.00210451 -0.729659 0.999986 0 8.5725e-06 0 
3 -2 0 -0.843375 -0.843375 47.7234 0.314409 -0.0481391 0.00206142 -0.730664 0.999985 0 5.67378e-06 0 
3 -2 0 -0.841535 -0.841535 48.8844 0.313836 -0.0488657 0.00202064 -0.731636 0.999984 0 3.68801e-06 0 
3 -2 0 -0.839725 -0.839725 50.0961 0.313267 -0.0495876 0.00198205 -0.732574 0.999983 0 2.35157e-06 0 
3 -2 0 -0.837946 -0.837946 51.3614 0.312703 -0.0503043 0.00194551 -0.73348 0.999982 0 1.46881e-06 0 
3 -2 0 -0.836199 -0.836199 52.6835 0.312143 -0.0510149 0.00191091 -0.734354 0.99998 0 8.97111e-07 0 
3 -2 0 -0.834486 -0.834486 54.0657 0.311588 -0.0517189 0.00187814 -0.735198 0.999979 0 5.3498e-07 0 
3 -2 0 -0.832806 -0.832806 55.5116 0.311039 -0.0524155 0.00184709 -0.736011 0.999977 0 3.09906e-07 0 
3 -2 0 -0.831161 -0.831161 57.0251 0.310497 -0.0531042 0.00181768 -0.736794 0.999976 0 1.73144e-07 0 
3 -2 0 -0.829552 -0.829552 58.6102 0.309961 -0.0537842 0.00178981 -0.737548 0.999974 0 9.18328e-08 0 
3 -2 0 -0.82798 -0.82798 60.2715 0.309433 -0.054455 0.0017634 -0.738274 0.999972 0 4.41437e-08 0 
3 -2 0 -0.826444 -0.826444 62.0137 0.308912 -0.0551158 0.00173837 -0.738972 0.99997 0 1.63657e-08 0 
3 -2 0 -0.824947 -0.824947 63.8418 0.3084 -0.0557661 0.00171465 -0.739644 0.999967 0 -3.23335e-09 0 
3 -2 0 -0.823488 -0.823488 65.7615 0.307897 -0.0564051 0.00169218 -0.740289 0.999965 0 -1.42861e-08 0 
3 -2 0 -0.822068 -0.822068 67.7787 0.307403 -0.0570325 0.00167089 -0.740908 0.999962 0 -2.23573e-08 0 
3 -2 0 -0.820688 -0.820688 69.8998 0.306918 -0.0576473 0.00165071 -0.741502 0.999959 0 -2.59659e-08 0 
3 -2 0 -0.819347 -0.819347 72.1317 0.306444 -0.0582494 0.0016316 -0.742071 0.999955 0 -3.17972e-08 0 
3 -2 0 -0.818047 -0.818047 74.4819 0.30598 -0.058838 0.00161351 -0.742617 0.999952 0 -3.77908e-08 0 
3 -2 0 -0.816787 -0.816787 76.9587 0.305527 -0.0594127 0.00159637 -0.743139 0.999948 0 -4.41194e-08 0 
3 -2 0 -0.815569 -0.815569 79.5708 0.305086 -0.059973 0.00158015 -0.743638 0.999943 0 -5.12295e-08 0 
3 -2 0 -0.814391 -0.814391 82.3279 0.304656 -0.0605186 0.00156481 -0.744115 0.999939 0 -5.90822e-08 0 
3 -2 0 -0.813254 -0.813254 85.2403 0.304238 -0.0610488 0.00155029 -0.744571 0.999933 0 -6.06454e-08 0 
3 -2 0 -0.812159 -0.812159 88.3195 0.303833 -0.0615635 0.00153657 -0.745006 0.999928 0 -6.93206e-08 0 
3 -2 0 -0.811104 -0.811104 91.578 0.30344 -0.0620623 0.00152361 -0.74542 0.999921 0 -7.89016e-08 0 
3 -2 0 -0.81009 -0.81009 95.0293 0.303059 -0.0625448 0.00151136 -0.745815 0.999914 0 -9.85177e-08 0 
3 -2 0 -0.809117 -0.809117 98.6884 0.302692 -0.063011 0.00149981 -0.74619 0.999907 0 -1.1151e-07 0 
3 -2 0 -0.808184 -0.808184 102.572 0.302338 -0.0634605 0.00148891 -0.746546 0.999898 0 -1.25848e-07 0 
3 -2 0 -0.807291 -0.807291 106.697 0.301997 -0.0638933 0.00147863 -0.746885 0.999889 0 -1.61759e-07 0 
3 -2 0 -0.806438 -0.806438 111.084 0.301669 -0.0643091 0.00146896 -0.747206 0.999879 0 -1.82053e-07 0 
3 -2 0 -0.805624 -0.805624 115.755 0.301354 -0.064708 0.00145985 -0.747509 0.999867 0 -2.04519e-07 0 
3 -2 0 -0.804848 -0.804848 120.735 0.301053 -0.06509 0.00145129 -0.747797 0.999855 0 -2.78819e-07 0 
3 -2 0 -0.804111 -0.804111 126.049 0.300765 -0.065455 0.00144325 -0.748068 0.999841 0 -3.13177e-07 0 
3 -2 0 -0.803411 -0.803411 131.728 0.300491 -0.065803 0.00143571 -0.748324 0.999825 0 -3.51443e-07 0 
3 -2 0 -0.802748 -0.802748 137.805 0.300229 -0.0661344 0.00142865 -0.748564 0.999808 0 -4.71542e-07 0 
3 -2 0 -0.80212 -0.80212 144.318 0.299981 -0.066449 0.00142203 -0.748791 0.999789 0 -5.26567e-07 0 
3 -2 0 -0.801528 -0.801528 151.307 0.299746 -0.0667473 0.00141585 -0.749004 0.999767 0 -5.87941e-07 0 
3 -2 0 -0.80097 -0.80097 158.82 0.299524 -0.0670293 0.00141008 -0.749203 0.999743 0 -7.03651e-07 0 
3 -2 0 -0.800446 -0.800446 166.909 0.299314 -0.0672955 0.0014047 -0.749389 0.999716 0 -7.85934e-07 0 
3 -2 0 -0.799954 -0.799954 175.633 0.299116 -0.067546 0.00139969 -0.749563 0.999686 0 -8.78284e-07 0 
3 -2 0 -0.799493 -0.799493 185.06 0.29893 -0.0677812 0.00139504 -0.749726 0.999651 0 -9.94261e-07 0 
3 -2 0 -0.799063 -0.799063 195.266 0.298757 -0.0680014 0.00139073 -0.749877 0.999612 0 -1.1113e-06 0 
3 -2 0 -0.798663 -0.798663 206.339 0.298594 -0.0682073 0.00138674 -0.750017 0.999568 0 -1.28363e-06 0 
3 -2 0 -0.798291 -0.798291 218.377 0.298443 -0.068399 0.00138306 -0.750146 0.999517 0 -1.45729e-06 0 
3 -2 0 -0.797946 -0.797946 231.495 0.298302 -0.068577 0.00137966 -0.750266 0.999459 0 -1.6345e-06 0 
3 -2 0 -0.797627 -0.797627 245.826 0.298172 -0.0687419 0.00137654 -0.750377 0.999393 0 -1.83628e-06 0 
3 -2 0 -0.797333 -0.797333 261.522 0.298052 -0.0688941 0.00137368 -0.750478 0.999317 0 -2.15782e-06 0 
3 -2 0 -0.797064 -0.797064 278.762 0.297942 -0.0690343 0.00137106 -0.750571 0.999229 0 -2.43315e-06 0 
3 -2 0 -0.796817 -0.796817 297.753 0.29784 -0.0691628 0.00136868 -0.750656 0.999127 0 -2.79259e-06 0 
3 -2 0 -0.796591 -0.796591 318.739 0.297748 -0.0692801 0.00136651 -0.750733 0.999007 0 -3.17362e-06 0 
3 -2 0 -0.796387 -0.796387 342.01 0.297663 -0.069387 0.00136454 -0.750803 0.998867 0 -3.61027e-06 0 
3 -2 0 -0.796201 -0.796201 367.909 0.297587 -0.0694838 0.00136277 -0.750866 0.998702 0 -4.11096e-06 0 
3 -2 0 -0.796034 -0.796034 396.845 0.297518 -0.0695712 0.00136118 -0.750923 0.998507 0 -4.86986e-06 0 
3 -2 0 -0.795884 -0.795884 429.314 0.297456 -0.0696497 0.00135975 -0.750974 0.998273 0 -5.58319e-06 0 
3 -2 0 -0.795751 -0.795751 465.915 0.2974 -0.0697199 0.00135848 -0.75102 0.997993 0 -6.42618e-06 0 
3 -2 0 -0.795632 -0.795632 507.381 0.297351 -0.0697825 0.00135735 -0.75106 0.997654 0 -7.82708e-06 0 
3 -2 0 -0.795526 -0.795526 554.615 0.297307 -0.0698376 0.00135636 -0.751096 0.997241 0 -9.08697e-06 0 
3 -2 0 -0.795434 -0.795434 608.741 0.297269 -0.0698861 0.00135548 -0.751127 0.999999 0 -1.57513e-09 0 
3 -2 0 -0.795354 -0.795354 671.175 0.297236 -0.0699284 0.00135472 -0.751155 0.999999 0 -2.34823e-09 0 
3 -2 0 -0.795284 -0.795284 743.716 0.297207 -0.0699652 0.00135407 -0.751178 0.999999 0 -3.42537e-09 0 
3 -2 0 -0.795224 -0.795224 828.681 0.297182 -0.0699967 0.0013535 -0.751198 0.999998 0 -5.10708e-09 0 
3 -2 0 -0.795173 -0.795173 929.098 0.297161 -0.0700235 0.00135302 -0.751216 0.999997 0 -7.65872e-09 0 
3 -2 0 -0.79513 -0.79513 1048.98 0.297143 -0.0700462 0.00135262 -0.75123 0.999996 0 -1.18916e-08 0 
3 -2 0 -0.795094 -0.795094 1193.76 0.297128 -0.0700652 0.00135228 -0.751242 0.999993 0 -1.89306e-08 0 
3 -2 0 -0.795065 -0.795065 1370.91 0.297116 -0.0700807 0.00135201 -0.751252 0.999988 0 -3.0333e-08 0 
3 -2 0 -0.795041 -0.795041 1590.98 0.297106 -0.0700933 0.00135178 -0.75126 0.999979 0 -5.09342e-08 0 
3 -2 0 -0.795022 -0.795022 1869.25 0.297098 -0.0701034 0.0013516 -0.751267 0.999961 0 -8.94133e-08 0 
3 -2 0 -0.795007 -0.795007 2228.62 0.297091 -0.0701114 0.00135146 -0.751272 0.999924 0 -1.54523e-07 0 
3 -2 0 -0.794995 -0.794995 2704.68 0.297087 -0.0701172 0.00135135 -0.751276 0.999839 0 -2.90131e-07 0 
3 -2 0 -0.794987 -0.794987 3355.53 0.297083 -0.0701218 0.00135128 -0.751279 0.999628 0 -2.96658e-07 0 
3 -2 0 -0.794981 -0.794981 4281.85 0.297081 -0.0701249 0.00135122 -0.751281 0.999048 0 -6.97989e-07 0 
3 -2 0 -0.794977 -0.794977 5672.54 0.297079 -0.0701274 0.00135118 -0.751282 0.997196 0 -1.88618e-06 0 
3 -2 0 -0.794974 -0.794974 7923.49 0.297078 -0.0701286 0.00135115 -0.751283 0.989933 0 -5.96348e-06 0 
3 -2 0 -0.794972 -0.794972 12016.3 0.297077 -0.0701294 0.00135114 -0.751284 0.951085 0 -5.11919e-05 0 
4 -2 0 -0.794971 -0.794971 21231.6 0.297077 -0.0701294 0.00135111 -0.751284 0.618132 0 -0.00195399 0 
4 -2 0 -0.794971 -0.794971 30174.9 0.297077 -0.0701333 0.00135113 -0.751284 0.954661 0 -0.000138676 0 
4 -2 0 -0.794971 -0.794971 45266.2 0.297077 -0.0701299 0.00135113 -0.751284 0.9561 0 9.54747e-05 0 
4 -2 0 -0.794971 -0.794971 77845.9 0.297076 -0.0701313 0.00135112 -0.751284 0.71839 0 0.000525013 0 
4 -2 0 -0.794971 -0.794971 108260 0.297076 -0.0701315 0.00135113 -0.751284 0.970821 0 1.15803e-06 0 
4 -2 0 -0.794971 -0.794971 157722 0.297077 -0.0701302 0.00135113 -0.751284 0.974646 0 -7.75835e-08 0 
4 -2 0 -0.794971 -0.794971 256656 0.297077 -0.0701306 0.00135113 -0.751284 0.863675 0 4.18853e-06 0 
4 -2 0 -0.794971 -0.794971 256656 0.297077 -0.0701306 0.00135113 -0.751284 0.863675 0 4.18853e-06 0 
